#####################################################
# ITK-SnAP Label Description File For Cortical Areas
# File format: 
# IDX   -R-  -G-  -B-  -A--  VIS MSH  LABEL
# Fields: 
#    IDX:   Zero-based index 
#    -R-:   Red color component (0..255)
#    -G-:   Green color component (0..255)
#    -B-:   Blue color component (0..255)
#    -A-:   Label transparency (0.00 .. 1.00)
#    VIS:   Label visibility (0 or 1)
#    IDX:   Label mesh visibility (0 or 1)
#  LABEL:   Label description 
#####################################################
    0     0    0    0        0  0  0    "Clear Label"
    1    36   16  102        1  1  1    "A10"
    2   255  255    0        1  1  1    "A11"
    3   171  129   45        1  1  1    "A13b"
    4   224   22  154        1  1  1    "A47M(12M)"
    5   234  204  195        1  1  1    "A9"
    6   220  139   76        1  1  1    "A32V"
    7    45  117   10        1  1  1    "A24c"
    8    77  207   11        1  1  1    "A8b"
    9   250  108   53        1  1  1    "A6M"
   10    56  136   70        1  1  1    "A47L(12L)"
   11   152  109   41        1  1  1    "A45"
   12    90  190   81        1  1  1    "A24a"
   13   236  211  205        1  1  1    "A14R"
   14   252  102  229        1  1  1    "A14c"
   15   216  129  105        1  1  1    "A8aV"
   16   231  145  224        1  1  1    "A8aD"
   17   159  186  217        1  1  1    "A46V"
   18   204   49   79        1  1  1    "A46D"
   19   104  240  158        1  1  1    "A6DR"
   20    73  246  197        1  1  1    "ProM(PrCO)"
   21   208   74   48        1  1  1    "A8C"
   22   120   22  238        1  1  1    "A32"
   23   254   49  105        1  1  1    "A25"
   24    31  134  197        1  1  1    "OPro"
   25    11   43  199        1  1  1    "OPAl"
   26   166  201  189        1  1  1    "A13a"
   27   136  120   87        1  1  1    "A13M"
   28    11  159   71        1  1  1    "A13L"
   29   177  228  243        1  1  1    "A47O(12O)"
   30   172   38   10        1  1  1    "A6DC"
   31   208   72  104        1  1  1    "MST"
   32     3   46  137        1  1  1    "FST"
   33   204  205  243        1  1  1    "A29a-c"
   34    83   76    5        1  1  1    "A29d"
   35   158   23  102        1  1  1    "A30"
   36    59  221   36        1  1  1    "A3b"
   37    85  167  203        1  1  1    "A1/2"
   38   103  152  228        1  1  1    "TPt"
   39    40  148  126        1  1  1    "A31"
   40   255    0    0        1  1  1    "PE"
   41   246   29  166        1  1  1    "PF"
   42   198   17  224        1  1  1    "S2I"
   43   172  190  157        1  1  1    "S2E"
   44   130  110  218        1  1  1    "ReI"
   45   166  174   68        1  1  1    "GI"
   46   235  243   18        1  1  1    "DI"
   47   247  245  170        1  1  1    "AI"
   48   190  236   55        1  1  1    "IPro"
   49    72   29  206        1  1  1    "PaIL"
   50     0  235    3        1  1  1    "PaIM"
   51   182  123   19        1  1  1    "TE2"
   52   172  155   79        1  1  1    "TF"
   53    77  221  220        1  1  1    "TFO"
   54   232  119  232        1  1  1    "TL"
   55    17  248  251        1  1  1    "AIP"
   56    23   65   56        1  1  1    "LIP"
   57   234  153   79        1  1  1    "VIP"
   58   222  229  235        1  1  1    "A24d"
   59    79  138  124        1  1  1    "Ent"
   60   255   99   71        1  1  1    "A36"
   61     2  213  211        1  1  1    "A35"
   62   128   39  215        1  1  1    "PGa/IPa(FSTv)"
   63   224  183  142        1  1  1    "TPO(STP)"
   64   209   59  141        1  1  1    "ProSt"
   65    38   39  216        1  1  1    "V1"
   66   176  156   92        1  1  1    "V5(MT)"
   67   246  170   15        1  1  1    "STR"
   68   113   34   97        1  1  1    "A6Va"
   69   245   84    2        1  1  1    "A6vb"
   70    61  104    9        1  1  1    "A4c"
   71   107  203   42        1  1  1    "AuA1"
   72    84  227  197        1  1  1    "AuRT"
   73    21  138   97        1  1  1    "AuR"
   74   124  246   24        1  1  1    "AuAL"
   75    29  158  225        1  1  1    "AuCPB"
   76   146  239  193        1  1  1    "AuCL"
   77   176  184  140        1  1  1    "AuML"
   78   224   51  171        1  1  1    "AuRTL"
   79   120  134    6        1  1  1    "AuRPB"
   80    49   77  213        1  1  1    "AuCM"
   81   200   79   59        1  1  1    "AuRM"
   82   199  223  140        1  1  1    "AuRTM"
   83    42  161  145        1  1  1    "A4ab"
   84   230  181    1        1  1  1    "APir"
   85   156  112   35        1  1  1    "TLO"
   86   195  251  159        1  1  1    "TH"
   87   223   65   99        1  1  1    "V6(DM)"
   88   236  227  198        1  1  1    "MIP"
   89   229  102  102        1  1  1    "PEC"
   90   204  125    0        1  1  1    "PG"
   91   211   77  236        1  1  1    "PFG"
   92    66  133   40        1  1  1    "OPt"
   93   223    4  244        1  1  1    "TPro"
   94    98  107    7        1  1  1    "V3(VLP)"
   95   123   17   42        1  1  1    "V2"
   96    31   15  253        1  1  1    "V4(VLA)"
   97   242  158   39        1  1  1    "V4T(MTC)"
   98   173  219   83        1  1  1    "A19DI"
   99    13  236  144        1  1  1    "S2PR"
  100   255  255  255        1  1  1    "S2PV"
  101    62  216   90        1  1  1    "TE3"
  102   126   86  138        1  1  1    "Pir"
  103   211  127    8        1  1  1    "A3a"
  104   196   92  168        1  1  1    "TEO"
  105    93  148   61        1  1  1    "A19M"
  106     2   44  115        1  1  1    "V6A(PPM)"
  107   124  168  203        1  1  1    "V3A(DA)"
  108   220  155   35        1  1  1    "TE1"
  109   186  167  242        1  1  1    "TPPro"
  110    33   21   36        1  1  1    "A23c"
  111    15   58  195        1  1  1    "A24b"
  112    94  146   89        1  1  1    "A23a"
  113   206   45  229        1  1  1    "A23b"
  114   173  139  244        1  1  1    "PGM"
  115    24    8   80        1  1  1    "A23V"
  116    36   16  102        1  1  1    "A10"
  117   255  255    0        1  1  1    "A11"
  118   171  129   45        1  1  1    "A13b"
  119   224   22  154        1  1  1    "A47M(12M)"
  120   234  204  195        1  1  1    "A9"
  121   220  139   76        1  1  1    "A32V"
  122    45  117   10        1  1  1    "A24c"
  123    77  207   11        1  1  1    "A8b"
  124   250  108   53        1  1  1    "A6M"
  125    56  136   70        1  1  1    "A47L(12L)"
  126   152  109   41        1  1  1    "A45"
  127    90  190   81        1  1  1    "A24a"
  128   236  211  205        1  1  1    "A14R"
  129   252  102  229        1  1  1    "A14c"
  130   216  129  105        1  1  1    "A8aV"
  131   231  145  224        1  1  1    "A8aD"
  132   159  186  217        1  1  1    "A46V"
  133   204   49   79        1  1  1    "A46D"
  134   104  240  158        1  1  1    "A6DR"
  135    73  246  197        1  1  1    "ProM(PrCO)"
  136   208   74   48        1  1  1    "A8C"
  137   120   22  238        1  1  1    "A32"
  138   254   49  105        1  1  1    "A25"
  139    31  134  197        1  1  1    "OPro"
  140    11   43  199        1  1  1    "OPAl"
  141   166  201  189        1  1  1    "A13a"
  142   136  120   87        1  1  1    "A13M"
  143    11  159   71        1  1  1    "A13L"
  144   177  228  243        1  1  1    "A47O(12O)"
  145   172   38   10        1  1  1    "A6DC"
  146   208   72  104        1  1  1    "MST"
  147     3   46  137        1  1  1    "FST"
  148   204  205  243        1  1  1    "A29a-c"
  149    83   76    5        1  1  1    "A29d"
  150   158   23  102        1  1  1    "A30"
  151    59  221   36        1  1  1    "A3b"
  152    85  167  203        1  1  1    "A1/2"
  153   103  152  228        1  1  1    "TPt"
  154    40  148  126        1  1  1    "A31"
  155   255    0    0        1  1  1    "PE"
  156   246   29  166        1  1  1    "PF"
  157   198   17  224        1  1  1    "S2I"
  158   172  190  157        1  1  1    "S2E"
  159   130  110  218        1  1  1    "ReI"
  160   166  174   68        1  1  1    "GI"
  161   235  243   18        1  1  1    "DI"
  162   247  245  170        1  1  1    "AI"
  163   190  236   55        1  1  1    "IPro"
  164    72   29  206        1  1  1    "PaIL"
  165     0  235    3        1  1  1    "PaIM"
  166   182  123   19        1  1  1    "TE2"
  167   172  155   79        1  1  1    "TF"
  168    77  221  220        1  1  1    "TFO"
  169   232  119  232        1  1  1    "TL"
  170    17  248  251        1  1  1    "AIP"
  171    23   65   56        1  1  1    "LIP"
  172   234  153   79        1  1  1    "VIP"
  173   222  229  235        1  1  1    "A24d"
  174    79  138  124        1  1  1    "Ent"
  175   255   99   71        1  1  1    "A36"
  176     2  213  211        1  1  1    "A35"
  177   128   39  215        1  1  1    "PGa/IPa(FSTv)"
  178   224  183  142        1  1  1    "TPO(STP)"
  179   209   59  141        1  1  1    "ProSt"
  180    38   39  216        1  1  1    "V1"
  181   176  156   92        1  1  1    "V5(MT)"
  182   246  170   15        1  1  1    "STR"
  183   113   34   97        1  1  1    "A6Va"
  184   245   84    2        1  1  1    "A6vb"
  185    61  104    9        1  1  1    "A4c"
  186   107  203   42        1  1  1    "AuA1"
  187    84  227  197        1  1  1    "AuRT"
  188    21  138   97        1  1  1    "AuR"
  189   124  246   24        1  1  1    "AuAL"
  190    29  158  225        1  1  1    "AuCPB"
  191   146  239  193        1  1  1    "AuCL"
  192   176  184  140        1  1  1    "AuML"
  193   224   51  171        1  1  1    "AuRTL"
  194   120  134    6        1  1  1    "AuRPB"
  195    49   77  213        1  1  1    "AuCM"
  196   200   79   59        1  1  1    "AuRM"
  197   199  223  140        1  1  1    "AuRTM"
  198    42  161  145        1  1  1    "A4ab"
  199   230  181    1        1  1  1    "APir"
  200   156  112   35        1  1  1    "TLO"
  201   195  251  159        1  1  1    "TH"
  202   223   65   99        1  1  1    "V6(DM)"
  203   236  227  198        1  1  1    "MIP"
  204   229  102  102        1  1  1    "PEC"
  205   204  125    0        1  1  1    "PG"
  206   211   77  236        1  1  1    "PFG"
  207    66  133   40        1  1  1    "OPt"
  208   223    4  244        1  1  1    "TPro"
  209    98  107    7        1  1  1    "V3(VLP)"
  210   123   17   42        1  1  1    "V2"
  211    31   15  253        1  1  1    "V4(VLA)"
  212   242  158   39        1  1  1    "V4T(MTC)"
  213   173  219   83        1  1  1    "A19DI"
  214    13  236  144        1  1  1    "S2PR"
  215   255  255  255        1  1  1    "S2PV"
  216    62  216   90        1  1  1    "TE3"
  217   126   86  138        1  1  1    "Pir"
  218   211  127    8        1  1  1    "A3a"
  219   196   92  168        1  1  1    "TEO"
  220    93  148   61        1  1  1    "A19M"
  221     2   44  115        1  1  1    "V6A(PPM)"
  222   124  168  203        1  1  1    "V3A(DA)"
  223   220  155   35        1  1  1    "TE1"
  224   186  167  242        1  1  1    "TPPro"
  225    33   21   36        1  1  1    "A23c"
  226    15   58  195        1  1  1    "A24b"
  227    94  146   89        1  1  1    "A23a"
  228   206   45  229        1  1  1    "A23b"
  229   173  139  244        1  1  1    "PGM"
  230    24    8   80        1  1  1    "A23V"
